name: milestoneII
channels:
  - defaults
dependencies:
  - altair=5.5.0=py313haa95532_0
  - attrs=24.3.0=py313haa95532_0
  - blas=1.0=mkl
  - bottleneck=1.4.2=py313h2cb717b_0
  - bzip2=1.0.8=h2bbff1b_6
  - ca-certificates=2025.7.15=haa95532_0
  - deprecated=1.2.13=py313haa95532_0
  - expat=2.7.1=h8ddb27b_0
  - filelock=3.17.0=py313haa95532_0
  - fsspec=2025.7.0=py313h4442805_0
  - gmp=6.3.0=h537511b_0
  - gmpy2=2.2.1=py313h827c3e9_0
  - icc_rt=2022.1.0=h6049295_2
  - importlib-metadata=8.5.0=py313haa95532_0
  - intel-openmp=2023.1.0=h59b6b97_46320
  - jinja2=3.1.6=py313haa95532_0
  - joblib=1.5.1=py313haa95532_0
  - jsonschema=4.25.0=py313haa95532_0
  - jsonschema-specifications=2023.7.1=py313haa95532_0
  - libabseil=20250127.0=cxx17_h52369b4_0
  - libffi=3.4.4=hd77b12b_1
  - libmpdec=4.0.0=h827c3e9_0
  - libprotobuf=5.29.3=h65a231f_1
  - libtorch=2.6.0=cpu_mkl_hcc61593_106
  - libuv=1.48.0=h827c3e9_0
  - markupsafe=3.0.2=py313h827c3e9_0
  - mkl=2023.1.0=h6b88ed4_46358
  - mkl-service=2.4.0=py313h827c3e9_2
  - mkl_fft=1.3.11=py313h827c3e9_0
  - mkl_random=1.2.8=py313hce38976_0
  - mpc=1.3.1=h827c3e9_0
  - mpfr=4.2.1=h56c3642_0
  - mpmath=1.3.0=py313haa95532_0
  - narwhals=1.31.0=py313haa95532_1
  - networkx=3.5=py313haa95532_0
  - numexpr=2.11.0=py313hdb065b2_0
  - numpy=2.3.1=py313ha127e54_0
  - numpy-base=2.3.1=py313haaa8b43_0
  - openssl=3.0.17=h35632f6_0
  - opentelemetry-api=1.30.0=py313haa95532_0
  - packaging=25.0=py313haa95532_0
  - pandas=2.3.2=py313h42c1672_0
  - pip=25.2=pyhc872135_0
  - python=3.13.5=h286a616_100_cp313
  - python-dateutil=2.9.0post0=py313haa95532_2
  - python-tzdata=2025.2=pyhd3eb1b0_0
  - python_abi=3.13=1_cp313
  - pytorch=2.6.0=cpu_mkl_py313h6e8a95c_106
  - pytz=2025.2=py313haa95532_0
  - referencing=0.30.2=py313haa95532_0
  - rpds-py=0.22.3=py313h636fa0f_0
  - scikit-learn=1.7.1=py313hd8cff78_0
  - scipy=1.16.0=py313h242c13b_0
  - setuptools=72.1.0=py313haa95532_0
  - six=1.17.0=py313haa95532_0
  - sleef=3.5.1=h8cc25b3_2
  - sqlite=3.50.2=hda9a48d_1
  - sympy=1.14.0=py313haa95532_0
  - tbb=2021.8.0=h59b6b97_0
  - tbb-devel=2021.8.0=h59b6b97_0
  - threadpoolctl=3.5.0=py313h4442805_0
  - tk=8.6.15=hf199647_0
  - typing-extensions=4.15.0=py313haa95532_0
  - typing_extensions=4.15.0=py313haa95532_0
  - tzdata=2025b=h04d1e81_0
  - ucrt=10.0.22621.0=haa95532_0
  - vc=14.3=h2df5915_10
  - vc14_runtime=14.44.35208=h4927774_10
  - vs2015_runtime=14.44.35208=ha6b5a95_10
  - wheel=0.45.1=py313haa95532_0
  - wrapt=1.17.0=py313h827c3e9_0
  - xz=5.6.4=h4754444_1
  - zipp=3.21.0=py313haa95532_0
  - zlib=1.2.13=h8cc25b3_1
prefix: C:\Users\tmacp\anaconda3\envs\milestoneII
